1745993528604 16.046419143676758 0
1745993529064 2.7734906673431396 1
1745993529550 2.064781904220581 2
1745993530042 1.7163368463516235 3
1745993530485 1.4595650434494019 4
1745993530912 1.2349146604537964 5
1745993531349 1.0469300746917725 6
1745993531765 0.8811049461364746 7
1745993532247 0.7548485994338989 8
1745993532652 0.6635092496871948 9
1745993533067 0.6013656854629517 10
1745993533462 0.5509880185127258 11
1745993533840 0.527693510055542 12
1745993534226 0.5072410106658936 13
1745993534652 0.49826717376708984 14
1745993535070 0.48648256063461304 15
1745993535509 0.4761452376842499 16
1745993535917 0.47069841623306274 17
1745993536308 0.4653218388557434 18
1745993536722 0.45767977833747864 19
1745993537129 0.45217370986938477 20
1745993537536 0.4489433467388153 21
1745993537890 0.4458658695220947 22
1745993538266 0.44859936833381653 23
1745993538668 0.439738005399704 24
1745993539057 0.4362090826034546 25
1745993539419 0.43949320912361145 26
1745993539797 0.4300884008407593 27
1745993540197 0.42709022760391235 28
1745993540575 0.4219517409801483 29
1745993540977 0.4196551442146301 30
1745993541357 0.42324814200401306 31
1745993541727 0.41514360904693604 32
1745993542114 0.41164201498031616 33
1745993542510 0.41739657521247864 34
1745993542919 0.4218706786632538 35
1745993543278 0.41684114933013916 36
1745993543661 0.399788498878479 37
1745993544156 0.4006691575050354 38
1745993544546 0.4010102450847626 39
1745993544895 0.3998800218105316 40
1745993545249 0.3898913264274597 41
1745993545587 0.38762450218200684 42
1745993545898 0.3904518783092499 43
1745993546232 0.39154359698295593 44
1745993546589 0.3791256546974182 45
1745993546904 0.3833503723144531 46
1745993547250 0.3821891248226166 47
1745993547610 0.37692922353744507 48
1745993547912 0.37513071298599243 49
