1745993528604 3.5419065952301025 0
1745993529064 1.294871211051941 1
1745993529550 1.1109338998794556 2
1745993530042 1.0141531229019165 3
1745993530485 0.9362905025482178 4
1745993530912 0.8607838153839111 5
1745993531349 0.791422963142395 6
1745993531765 0.7306161522865295 7
1745993532247 0.6781875491142273 8
1745993532652 0.6363885402679443 9
1745993533067 0.6047816276550293 10
1745993533462 0.5786809921264648 11
1745993533840 0.5668869614601135 12
1745993534226 0.5548787713050842 13
1745993534652 0.55013507604599 14
1745993535070 0.5441012382507324 15
1745993535509 0.5386704802513123 16
1745993535917 0.535689651966095 17
1745993536308 0.5336893200874329 18
1745993536722 0.5305435657501221 19
1745993537129 0.5260099768638611 20
1745993537536 0.5261856317520142 21
1745993537890 0.522206723690033 22
1745993538266 0.5228129029273987 23
1745993538668 0.5181910991668701 24
1745993539057 0.5161513686180115 25
1745993539419 0.5171149969100952 26
1745993539797 0.5129470825195312 27
1745993540197 0.5099758505821228 28
1745993540575 0.5081790685653687 29
1745993540977 0.5056972503662109 30
1745993541357 0.5083441734313965 31
1745993541727 0.5049252510070801 32
1745993542114 0.5014463663101196 33
1745993542510 0.506230890750885 34
1745993542919 0.5102857947349548 35
1745993543278 0.5042188763618469 36
1745993543661 0.492233008146286 37
1745993544156 0.49590787291526794 38
1745993544546 0.4941398799419403 39
1745993544895 0.4930199384689331 40
1745993545249 0.48942628502845764 41
1745993545587 0.4861828684806824 42
1745993545898 0.4886813163757324 43
1745993546232 0.4895201027393341 44
1745993546589 0.4797478914260864 45
1745993546904 0.48377135396003723 46
1745993547250 0.48332536220550537 47
1745993547610 0.4785250425338745 48
1745993547912 0.47727736830711365 49
