1745990545166 14.923511505126953 0
1745990545545 2.3425047397613525 1
1745990545910 1.8361974954605103 2
1745990546286 1.5170179605484009 3
1745990546637 1.2624982595443726 4
1745990547498 1.0489104986190796 5
1745990548076 0.8764567375183105 6
1745990548552 0.750569224357605 7
1745990549027 0.6631189584732056 8
1745990549444 0.6039571166038513 9
1745990550007 0.5586330890655518 10
1745990550459 0.5409877300262451 11
1745990550903 0.5182893872261047 12
1745990551330 0.5106462240219116 13
1745990551718 0.49731379747390747 14
1745990552077 0.4838210344314575 15
1745990552442 0.47409752011299133 16
1745990552822 0.4677644670009613 17
1745990553231 0.45941677689552307 18
1745990553632 0.458499550819397 19
1745990554051 0.45144012570381165 20
1745990554382 0.444108247756958 21
1745990554756 0.44226405024528503 22
1745990555192 0.4355461001396179 23
1745990555523 0.437875360250473 24
1745990555858 0.4283159077167511 25
1745990556206 0.43680042028427124 26
1745990556545 0.4261242151260376 27
1745990556869 0.4227049648761749 28
1745990557205 0.4237866699695587 29
1745990557511 0.4173435866832733 30
1745990557852 0.4194244146347046 31
1745990558177 0.4114980399608612 32
1745990558489 0.4083794951438904 33
1745990558811 0.410150408744812 34
1745990559129 0.40948939323425293 35
1745990559466 0.4026707112789154 36
1745990559787 0.3950469195842743 37
1745990560113 0.3964459002017975 38
1745990560470 0.39769378304481506 39
1745990560812 0.38921573758125305 40
1745990561127 0.3890920579433441 41
1745990561429 0.3872934877872467 42
1745990561749 0.3901619613170624 43
1745990562061 0.38249674439430237 44
1745990562382 0.3814064860343933 45
1745990562753 0.3855612576007843 46
1745990563086 0.3777250349521637 47
1745990563407 0.3738333284854889 48
1745990563726 0.3669451177120209 49
