1745990545166 3.347914457321167 0
1745990545545 1.1858803033828735 1
1745990545910 1.04885995388031 2
1745990546286 0.9573739171028137 3
1745990546637 0.8727210164070129 4
1745990547498 0.7977563142776489 5
1745990548076 0.7331591248512268 6
1745990548552 0.6785306930541992 7
1745990549027 0.6381323933601379 8
1745990549444 0.6096600890159607 9
1745990550007 0.586583137512207 10
1745990550459 0.577930212020874 11
1745990550903 0.5650005340576172 12
1745990551330 0.5620070099830627 13
1745990551718 0.5543502569198608 14
1745990552077 0.5474625825881958 15
1745990552442 0.5434591174125671 16
1745990552822 0.5393966436386108 17
1745990553231 0.5326099991798401 18
1745990553632 0.5312029123306274 19
1745990554051 0.5290060043334961 20
1745990554382 0.5255065560340881 21
1745990554756 0.5232618451118469 22
1745990555192 0.5196408033370972 23
1745990555523 0.519554615020752 24
1745990555858 0.5136038661003113 25
1745990556206 0.5192732810974121 26
1745990556545 0.5130831599235535 27
1745990556869 0.5105464458465576 28
1745990557205 0.512843906879425 29
1745990557511 0.5064016580581665 30
1745990557852 0.5049176216125488 31
1745990558177 0.501844584941864 32
1745990558489 0.49984878301620483 33
1745990558811 0.5014421343803406 34
1745990559129 0.5024234652519226 35
1745990559466 0.49554306268692017 36
1745990559787 0.49313822388648987 37
1745990560113 0.4912837743759155 38
1745990560470 0.49567416310310364 39
1745990560812 0.4899466037750244 40
1745990561127 0.48917156457901 41
1745990561429 0.48742613196372986 42
1745990561749 0.48738110065460205 43
1745990562061 0.4842497706413269 44
1745990562382 0.4851005971431732 45
1745990562753 0.4848901927471161 46
1745990563086 0.48123374581336975 47
1745990563407 0.4770749807357788 48
1745990563726 0.4741779565811157 49
