1745993641458 18.35541343688965 0
1745993641806 2.7034430503845215 1
1745993642207 1.987283706665039 2
1745993642614 1.6391069889068604 3
1745993642970 1.3648685216903687 4
1745993643339 1.1511456966400146 5
1745993643750 0.9684809446334839 6
1745993644189 0.8211497664451599 7
1745993644656 0.7119169235229492 8
1745993645080 0.6263041496276855 9
1745993645464 0.5770403742790222 10
1745993645816 0.5544103384017944 11
1745993646199 0.5248034000396729 12
1745993646551 0.5082451701164246 13
1745993646925 0.4974191188812256 14
1745993647482 0.4890280067920685 15
1745993648055 0.48285001516342163 16
1745993648511 0.46994736790657043 17
1745993648904 0.46195563673973083 18
1745993649299 0.4602110683917999 19
1745993649686 0.45141521096229553 20
1745993650072 0.4507325291633606 21
1745993650464 0.4473324716091156 22
1745993650831 0.44306498765945435 23
1745993651235 0.4422580301761627 24
1745993651780 0.4285474121570587 25
1745993652211 0.4321029782295227 26
1745993652617 0.4284836947917938 27
1745993652965 0.4311627447605133 28
1745993653338 0.4260634183883667 29
1745993653698 0.42109939455986023 30
1745993654047 0.4175930619239807 31
1745993654419 0.4166906476020813 32
1745993654930 0.40992581844329834 33
1745993655404 0.40483036637306213 34
1745993655865 0.40859100222587585 35
1745993656226 0.40035951137542725 36
1745993656587 0.4003365933895111 37
1745993656962 0.40049833059310913 38
1745993657358 0.4029669165611267 39
1745993657756 0.39355579018592834 40
1745993658167 0.395433247089386 41
1745993658575 0.3974238932132721 42
1745993659038 0.38796696066856384 43
1745993659448 0.404901385307312 44
1745993659916 0.39209479093551636 45
1745993660343 0.3809010088443756 46
1745993660779 0.3781432807445526 47
1745993661210 0.38414475321769714 48
1745993661604 0.3734624683856964 49
