1745993641458 3.8207848072052 0
1745993641806 1.275955319404602 1
1745993642207 1.0969866514205933 2
1745993642614 0.9915611147880554 3
1745993642970 0.9044345021247864 4
1745993643339 0.8306185007095337 5
1745993643750 0.7618963718414307 6
1745993644189 0.7041219472885132 7
1745993644656 0.6584266424179077 8
1745993645080 0.6175099611282349 9
1745993645464 0.5944366455078125 10
1745993645816 0.5826436281204224 11
1745993646199 0.5654406547546387 12
1745993646551 0.5556409358978271 13
1745993646925 0.5531845688819885 14
1745993647482 0.5490144491195679 15
1745993648055 0.5421192646026611 16
1745993648511 0.5390594601631165 17
1745993648904 0.5332841873168945 18
1745993649299 0.5340210199356079 19
1745993649686 0.5262717604637146 20
1745993650072 0.5237634181976318 21
1745993650464 0.5251047015190125 22
1745993650831 0.5214197039604187 23
1745993651235 0.5188994407653809 24
1745993651780 0.513810396194458 25
1745993652211 0.5150269269943237 26
1745993652617 0.5138806104660034 27
1745993652965 0.5141984224319458 28
1745993653338 0.5101710557937622 29
1745993653698 0.5066404938697815 30
1745993654047 0.5056216716766357 31
1745993654419 0.5082564949989319 32
1745993654930 0.5021857619285583 33
1745993655404 0.49889859557151794 34
1745993655865 0.500190794467926 35
1745993656226 0.49640071392059326 36
1745993656587 0.49315497279167175 37
1745993656962 0.4964922070503235 38
1745993657358 0.4968015253543854 39
1745993657756 0.4918985664844513 40
1745993658167 0.4936981797218323 41
1745993658575 0.49112018942832947 42
1745993659038 0.488660991191864 43
1745993659448 0.4992547631263733 44
1745993659916 0.49112632870674133 45
1745993660343 0.48052626848220825 46
1745993660779 0.4805327355861664 47
1745993661210 0.4818877577781677 48
1745993661604 0.47601863741874695 49
